34	3.591921	-30.415740	2.07	7.72	-0.14	+0.19	0.33	-0.04	+0.05	2.82	0.15	0.87	0.03	0.85	0.02	8.03	0.02	3.04
245	3.599965	-30.409570	1.81	7.78	-0.17	+0.19	0.39	-0.08	+0.06	0.47	0.05	1.60	0.89	1.02	0.11	7.60	0.52	6.29	
282	3.577672	-30.408856	2.26	7.05	-0.09	+0.09	0.01	-0.01	+0.01	0.45	0.06	0.69	0.05	0.48	0.03	8.13	0.03	2.31	
614	3.618857	-30.403802	2.20	7.11	-0.08	+0.08	0.19	-0.04	+0.04	1.24	0.25	0.86	0.13	1.15	0.28	8.03	0.08	1.00	
882	3.602338	-30.400736	1.81	8.58	-0.15	+0.16	0.20	-0.04	+0.08	0.64	0.08	0.04	0.08	0.63	0.08	8.52	0.05	2.23	
1018	3.606238	-30.397984	2.28	6.89	-0.17	+0.24	0.12	-0.03	+0.05	1.05	0.10	1.68	0.61	0.80	0.07	7.55	0.36	1.78	
1085	3.604176	-30.397170	2.07	9.37	-0.20	+0.15	0.38	-0.04	+0.05	3.93	0.26	0.16	0.03	0.75	0.09	8.44	0.02	1.85	
1333	3.606056	-30.393533	2.18	8.42	-0.25	+0.18	0.30	-0.07	+0.09	1.48	0.16	0.80	0.06	1.13	0.11	8.07	0.03	1.68	
1407	3.611638	-30.392479	2.28	7.45	-0.30	+0.30	0.13	-0.03	+0.04	0.86 	0.08	1.03	0.10	1.05	0.09	7.93	0.06	1.53	
1409	3.599706	-30.392378	1.87	7.85	-0.14	+0.15	0.15	-0.04	+0.04	0.71	0.06	0.58	0.24	0.63	0.11	8.20	0.14	1.95	
1445	3.607556	-30.391864	2.06	6.34	-0.04	+0.06	0.16	-0.05	+0.06	0.44	0.13	1.85	1.04	0.87	0.08	7.45	0.61	1.62	
1461	3.604243	-30.391652	1.88	8.06	-0.14	+0.14	0.29	-0.07	+0.06	0.85	0.09	0.50	0.08	0.92	0.12	8.25	0.05	1.71	
1500	3.607616	-30.391073	2.06	7.26	-0.12	+0.12	0.47	-0.07	+0.06	1.00	0.13	0.71	0.15	0.95	0.14	8.12	0.09	1.62	
1503	3.603143	-30.391055	2.18	7.57	-0.13	+0.15	0.13	-0.03	+0.03	1.72	0.09	1.01	0.05	0.87	0.03	7.94	0.03	1.80	
1504	3.613264	-30.391095	1.88	8.66	-0.23	+0.19	0.42	-0.06	+0.06	4.50	0.32	0.48	0.04	0.87	0.04	8.26	0.02	1.48	
1573	3.609447	-30.389859	2.21	8.96	-0.15	+0.12	0.25	-0.05	+0.05	2.09	0.15	0.52	0.05	0.66	0.06	8.23	0.03	1.57	
1596	3.610005	-30.389482	2.18	8.63	-0.31	+0.24	0.32	-0.07	+0.07	2.92	0.24	0.52	0.03	0.90	0.05	8.23	0.02	1.55	
1685	3.603072	-30.387831	1.88	6.23	-0.07	+0.10	0.28	-0.08	+0.10	0.29	0.05	1.29	0.72	1.07	0.26	7.78	0.43	1.73	
1823	3.579059	-30.385947	2.20	7.53	-0.16	+0.19	0.14	-0.04	+0.03	1.06	0.06	0.81	0.05	0.82	0.04	8.06	0.03	3.42	
2032	3.592031	-30.382505	1.87	6.87	-0.12	+0.11	0.16	-0.03	+0.04	0.56	0.05	0.56	0.06	0.77	0.06	8.21	0.04	2.43	
2084	3.591101	-30.381687	1.89	8.38	-0.13	+0.22	0.27	-0.03	+0.02	7.38	0.22	0.70	0.03	1.00	0.02	8.13	0.02	2.48	
2152	3.585912	-30.380660	1.87	7.32	-0.15	+0.32	0.29	-0.03	+0.03	2.07	0.08	0.77	0.04	0.86	0.02	8.08	0.02	2.82	
2186	3.610360	-30.380189	1.88	8.92	-0.15	+0.15	0.48	-0.05	+0.05	5.72	0.33	0.05	0.04	0.63	0.08	8.51	0.03	1.63	
2303	3.607664	-30.378280	1.85	6.38	-0.15	+0.21	0.07	-0.03	+0.04	0.19	0.03	0.77	0.30	0.43	0.09	8.09	0.18	1.76	
2313	3.598602	-30.378502	1.91	8.88	-0.25	+0.20	0.27	-0.05	+0.07	2.05	0.17	0.45	0.09	0.88	0.11	8.27	0.05	2.04	
2330	3.599784	-30.377873	1.89	7.96	-0.29	+0.22	0.10	-0.05	+0.07	0.51	0.05	0.99	0.19	0.74	0.05	7.96	0.11	2.03	
2421	3.599383	-30.375941	1.91	7.30	-0.12	+0.13	0.06	-0.02	+0.02	0.36	0.03	1.05	0.50	0.63	0.10	7.92	0.30	2.11
	
50	110.821398	-73.474602	2.98	8.78	-0.09	+0.07	0.38	-0.04	+0.02	8.66	1.42	null	null	0.73	0.07	8.35	0.08	1.44	
1347	110.823498	-73.444440	3.37	8.22	-0.07	+0.06	0.17	-0.01	+0.02	14.00	1.28	null	null	0.89	0.04	8.12	0.09	1.73	
1361	110.859711	-73.444213	2.73	9.01	-0.07	+0.08	0.12	-0.03	+0.03	6.27 	0.99	null	null	0.97	0.07	7.87	0.15	1.79	
1424	110.828726	-73.442593	3.10	9.59	-0.04	+0.04	0.31	-0.01	+0.01	47.29	1.63	null	null	0.77	0.01	8.30	0.02	1.63	
1475	110.863244	-73.441489	2.73	8.33	-0.12	+0.09	0.24	-0.07	+0.04	2.90	0.51	null	null	0.90	0.07	8.10	0.16	1.75	
1491	110.859274	-73.441230	2.73	9.83	-0.05	+0.02	0.30	-0.02	+0.04	9.45	1.18	null	null	0.65	0.05	8.43	0.05	1.94	
1520	110.850517	-73.440461	3.04	7.71	-0.12	+0.10	0.18	-0.05	+0.07	6.77	0.90	null	null	0.63	0.05	8.44	0.04	1.69

404	3.613460	-30.406860	2.85	6.84	-0.05	+0.09	0.06	-0.04	+0.03	2.56	0.35	0.90	0.08	0.69 	0.06	8.01	0.05	1.69	
434	3.607437	-30.406471	3.20	9.25	-0.42	+0.24	0.35	-0.09	+0.05	6.79	1.03	0.52 	0.04	0.80 	0.05	8.23	0.02	2.18	
538	3.612998	-30.405067	3.04	9.35	-0.43	+0.24	0.43	-0.09	+0.04	36.97	3.36	0.53 	0.03	0.46 	0.02	8.23 	0.01	1.69	
903	3.609749	-30.400342	2.97	9.68	-0.19	+0.13	0.41	-0.04	+0.06	5.58	1.85	-0.06 	0.04	0.77 	0.14	8.57 	0.02	1.73	
988	3.613656	-30.398646	2.85	9.29	-0.27	+0.28	0.21	-0.04	+0.09	1.31	1.02	0.02 	0.07	0.87 	0.34	8.53 	0.04	1.56	
1016	3.607800	-30.398054	3.20	7.28	-0.06	+0.07	0.06	-0.02	+0.02	3.10	0.50	0.83	0.05	0.97 	0.07	8.05 	0.03	1.77	
1042	3.610340	-30.397893	3.36	7.79	-0.03	+0.03	0.02	-0.01	+0.01	14.97	0.55	0.96	0.02	0.82 	0.02	7.98 	0.01	1.67	
1206	3.607114	-30.395622	2.98	8.27	-0.29	+0.31	0.15	-0.03	+0.03	7.25	0.46	1.17	0.05	0.85 	0.02	7.85 	0.03	1.72	
1275	3.572769	-30.394578	2.94	8.16	-0.37	+0.33	0.24	-0.05	+0.04	1.58 	0.35	0.67 	0.06	0.84 	0.09	8.15 	0.03	3.25	
1394	3.611255	-30.392440	2.98	7.13	-0.07	+0.16	0.11	-0.03	+0.03	3.69 	0.35	1.71	0.62	0.44 	0.04	7.53 	0.37	1.57	
1535	3.604198	-30.390338	2.71	8.40	-0.16	+0.10	0.09	-0.04	+0.06	1.07 	0.30	0.67 	0.16	0.49 	0.13	8.15 	0.10	1.79	
1692	3.604118	-30.387855	2.84	7.52	-0.07	+0.25	0.11	-0.02	+0.02	5.42 	0.35	1.09 	0.04	0.92 	0.03	7.90 	0.02	1.76	
2029	3.596739	-30.382570	3.21	7.43	-0.06	+0.08	0.20	-0.03	+0.03	5.89 	0.66	1.30 	0.09	0.85 	0.05	7.77 	0.06	2.16	
2060	3.585941	-30.382101	3.06	8.52	-0.49	+0.32	0.17	-0.04	+0.04	4.72 	0.35	0.83 	0.02	0.90 	0.03	8.05 	0.01	3.33	
2225	3.591399	-30.379771	2.73	8.55	-0.15	+0.19	0.70	-0.05	+0.04	21.43 	1.34	0.75 	0.01	0.91 	0.01	8.10 	0.01	2.50	
2237	3.604111	-30.379262	2.83	7.67	-0.39	+0.38	0.22	-0.06	+0.06	1.42 	0.36	0.79 	0.11	0.78 	0.11	8.08 	0.07	1.95	
2287	3.607475	-30.378498	2.69	8.34	-0.20	+0.11	0.06	-0.03	+0.04	1.99 	0.25	0.63 	0.08	0.46 	0.06	8.17 	0.05	1.83	


	


	
